{
    "acc": 0.6798780487804879,
    "precision": 0.6370967741935484,
    "recall": 0.3237704918032787,
    "f1_score": 0.42934782608695654
}