{
    "acc": 0.6859756097560976,
    "precision": 0.6461538461538462,
    "recall": 0.3442622950819672,
    "f1_score": 0.44919786096256686
}