{
    "acc": 0.6829268292682927,
    "precision": 0.6304347826086957,
    "recall": 0.35655737704918034,
    "f1_score": 0.45549738219895286
}